medium
5 4 8 6 1 3 7 2 9 
3 2 9 4 5 7 8 6 1 
1 6 7 8 9 2 5 4 3 
6 7 5 9 2 1 4 3 8 
4 3 2 5 7 8 9 1 6 
8 9 1 3 6 4 2 5 7 
9 8 3 1 4 5 6 7 2 
2 5 6 7 3 9 1 8 4 
7 1 4 2 8 6 3 9 5 
count: 693208901
medium
5 4 8 6 1 3 7 2 9 
3 2 9 4 5 7 8 6 1 
1 6 7 8 9 2 5 4 3 
6 7 5 9 2 1 4 3 8 
4 3 2 5 7 8 9 1 6 
8 9 1 3 6 4 2 5 7 
9 8 3 1 4 5 6 7 2 
2 5 6 7 3 9 1 8 4 
7 1 4 2 8 6 3 9 5 
count: 694671316
medium
5 4 8 6 1 3 7 2 9 
3 2 9 4 5 7 8 6 1 
1 6 7 8 9 2 5 4 3 
6 7 5 9 2 1 4 3 8 
4 3 2 5 7 8 9 1 6 
8 9 1 3 6 4 2 5 7 
9 8 3 1 4 5 6 7 2 
2 5 6 7 3 9 1 8 4 
7 1 4 2 8 6 3 9 5 
count: 537274833
medium
5 4 8 6 1 3 7 2 9 
3 2 9 4 5 7 8 6 1 
1 6 7 8 9 2 5 4 3 
6 7 5 9 2 1 4 3 8 
4 3 2 5 7 8 9 1 6 
8 9 1 3 6 4 2 5 7 
9 8 3 1 4 5 6 7 2 
2 5 6 7 3 9 1 8 4 
7 1 4 2 8 6 3 9 5 
count: 675812443
medium
5 4 8 6 1 3 7 2 9 
3 2 9 4 5 7 8 6 1 
1 6 7 8 9 2 5 4 3 
6 7 5 9 2 1 4 3 8 
4 3 2 5 7 8 9 1 6 
8 9 1 3 6 4 2 5 7 
9 8 3 1 4 5 6 7 2 
2 5 6 7 3 9 1 8 4 
7 1 4 2 8 6 3 9 5 
count: 728896275
medium
5 4 8 6 1 3 7 2 9 
3 2 9 4 5 7 8 6 1 
1 6 7 8 9 2 5 4 3 
6 7 5 9 2 1 4 3 8 
4 3 2 5 7 8 9 1 6 
8 9 1 3 6 4 2 5 7 
9 8 3 1 4 5 6 7 2 
2 5 6 7 3 9 1 8 4 
7 1 4 2 8 6 3 9 5 
count: 182661042
medium
5 4 8 6 1 3 7 2 9 
3 2 9 4 5 7 8 6 1 
1 6 7 8 9 2 5 4 3 
6 7 5 9 2 1 4 3 8 
4 3 2 5 7 8 9 1 6 
8 9 1 3 6 4 2 5 7 
9 8 3 1 4 5 6 7 2 
2 5 6 7 3 9 1 8 4 
7 1 4 2 8 6 3 9 5 
count: 163126060
medium
5 4 8 6 1 3 7 2 9 
3 2 9 4 5 7 8 6 1 
1 6 7 8 9 2 5 4 3 
6 7 5 9 2 1 4 3 8 
4 3 2 5 7 8 9 1 6 
8 9 1 3 6 4 2 5 7 
9 8 3 1 4 5 6 7 2 
2 5 6 7 3 9 1 8 4 
7 1 4 2 8 6 3 9 5 
count: 100831858
medium
5 4 8 6 1 3 7 2 9 
3 2 9 4 5 7 8 6 1 
1 6 7 8 9 2 5 4 3 
6 7 5 9 2 1 4 3 8 
4 3 2 5 7 8 9 1 6 
8 9 1 3 6 4 2 5 7 
9 8 3 1 4 5 6 7 2 
2 5 6 7 3 9 1 8 4 
7 1 4 2 8 6 3 9 5 
count: 907495689
medium
5 4 8 6 1 3 7 2 9 
3 2 9 4 5 7 8 6 1 
1 6 7 8 9 2 5 4 3 
6 7 5 9 2 1 4 3 8 
4 3 2 5 7 8 9 1 6 
8 9 1 3 6 4 2 5 7 
9 8 3 1 4 5 6 7 2 
2 5 6 7 3 9 1 8 4 
7 1 4 2 8 6 3 9 5 
count: 4487563811
