medium
5 4 8 6 1 3 7 2 9 
3 2 9 4 5 7 8 6 1 
1 6 7 8 9 2 5 4 3 
6 7 5 9 2 1 4 3 8 
4 3 2 5 7 8 9 1 6 
8 9 1 3 6 4 2 5 7 
9 8 3 1 4 5 6 7 2 
2 5 6 7 3 9 1 8 4 
7 1 4 2 8 6 3 9 5 
count: 84766525
medium
5 4 8 6 1 3 7 2 9 
3 2 9 4 5 7 8 6 1 
1 6 7 8 9 2 5 4 3 
6 7 5 9 2 1 4 3 8 
4 3 2 5 7 8 9 1 6 
8 9 1 3 6 4 2 5 7 
9 8 3 1 4 5 6 7 2 
2 5 6 7 3 9 1 8 4 
7 1 4 2 8 6 3 9 5 
count: 50629297
medium
5 4 8 6 1 3 7 2 9 
3 2 9 4 5 7 8 6 1 
1 6 7 8 9 2 5 4 3 
6 7 5 9 2 1 4 3 8 
4 3 2 5 7 8 9 1 6 
8 9 1 3 6 4 2 5 7 
9 8 3 1 4 5 6 7 2 
2 5 6 7 3 9 1 8 4 
7 1 4 2 8 6 3 9 5 
count: 505153889
medium
5 4 8 6 1 3 7 2 9 
3 2 9 4 5 7 8 6 1 
1 6 7 8 9 2 5 4 3 
6 7 5 9 2 1 4 3 8 
4 3 2 5 7 8 9 1 6 
8 9 1 3 6 4 2 5 7 
9 8 3 1 4 5 6 7 2 
2 5 6 7 3 9 1 8 4 
7 1 4 2 8 6 3 9 5 
count: 10914944300
medium
5 4 8 6 1 3 7 2 9 
3 2 9 4 5 7 8 6 1 
1 6 7 8 9 2 5 4 3 
6 7 5 9 2 1 4 3 8 
4 3 2 5 7 8 9 1 6 
8 9 1 3 6 4 2 5 7 
9 8 3 1 4 5 6 7 2 
2 5 6 7 3 9 1 8 4 
7 1 4 2 8 6 3 9 5 
count: 149389186
medium
5 4 8 6 1 3 7 2 9 
3 2 9 4 5 7 8 6 1 
1 6 7 8 9 2 5 4 3 
6 7 5 9 2 1 4 3 8 
4 3 2 5 7 8 9 1 6 
8 9 1 3 6 4 2 5 7 
9 8 3 1 4 5 6 7 2 
2 5 6 7 3 9 1 8 4 
7 1 4 2 8 6 3 9 5 
count: 70539118
medium
5 4 8 6 1 3 7 2 9 
3 2 9 4 5 7 8 6 1 
1 6 7 8 9 2 5 4 3 
6 7 5 9 2 1 4 3 8 
4 3 2 5 7 8 9 1 6 
8 9 1 3 6 4 2 5 7 
9 8 3 1 4 5 6 7 2 
2 5 6 7 3 9 1 8 4 
7 1 4 2 8 6 3 9 5 
count: 883067723
medium
5 4 8 6 1 3 7 2 9 
3 2 9 4 5 7 8 6 1 
1 6 7 8 9 2 5 4 3 
6 7 5 9 2 1 4 3 8 
4 3 2 5 7 8 9 1 6 
8 9 1 3 6 4 2 5 7 
9 8 3 1 4 5 6 7 2 
2 5 6 7 3 9 1 8 4 
7 1 4 2 8 6 3 9 5 
count: 761511640
medium
5 4 8 6 1 3 7 2 9 
3 2 9 4 5 7 8 6 1 
1 6 7 8 9 2 5 4 3 
6 7 5 9 2 1 4 3 8 
4 3 2 5 7 8 9 1 6 
8 9 1 3 6 4 2 5 7 
9 8 3 1 4 5 6 7 2 
2 5 6 7 3 9 1 8 4 
7 1 4 2 8 6 3 9 5 
count: 706345869
medium
5 4 8 6 1 3 7 2 9 
3 2 9 4 5 7 8 6 1 
1 6 7 8 9 2 5 4 3 
6 7 5 9 2 1 4 3 8 
4 3 2 5 7 8 9 1 6 
8 9 1 3 6 4 2 5 7 
9 8 3 1 4 5 6 7 2 
2 5 6 7 3 9 1 8 4 
7 1 4 2 8 6 3 9 5 
count: 1588683395
