hard
8 4 1 6 2 5 9 7 3 
7 6 2 1 3 9 5 4 8 
5 3 9 4 7 8 2 6 1 
2 1 7 3 9 6 4 8 5 
6 8 3 7 5 4 1 2 9 
9 5 4 2 8 1 7 3 6 
4 2 5 8 1 3 6 9 7 
3 9 6 5 4 7 8 1 2 
1 7 8 9 6 2 3 5 4 
count: 2214467116
hard
8 4 1 6 2 5 9 7 3 
7 6 2 1 3 9 5 4 8 
5 3 9 4 7 8 2 6 1 
2 1 7 3 9 6 4 8 5 
6 8 3 7 5 4 1 2 9 
9 5 4 2 8 1 7 3 6 
4 2 5 8 1 3 6 9 7 
3 9 6 5 4 7 8 1 2 
1 7 8 9 6 2 3 5 4 
count: 2218765295
hard
8 4 1 6 2 5 9 7 3 
7 6 2 1 3 9 5 4 8 
5 3 9 4 7 8 2 6 1 
2 1 7 3 9 6 4 8 5 
6 8 3 7 5 4 1 2 9 
9 5 4 2 8 1 7 3 6 
4 2 5 8 1 3 6 9 7 
3 9 6 5 4 7 8 1 2 
1 7 8 9 6 2 3 5 4 
count: 3129124917
hard
8 4 1 6 2 5 9 7 3 
7 6 2 1 3 9 5 4 8 
5 3 9 4 7 8 2 6 1 
2 1 7 3 9 6 4 8 5 
6 8 3 7 5 4 1 2 9 
9 5 4 2 8 1 7 3 6 
4 2 5 8 1 3 6 9 7 
3 9 6 5 4 7 8 1 2 
1 7 8 9 6 2 3 5 4 
count: 5705920337
hard
8 4 1 6 2 5 9 7 3 
7 6 2 1 3 9 5 4 8 
5 3 9 4 7 8 2 6 1 
2 1 7 3 9 6 4 8 5 
6 8 3 7 5 4 1 2 9 
9 5 4 2 8 1 7 3 6 
4 2 5 8 1 3 6 9 7 
3 9 6 5 4 7 8 1 2 
1 7 8 9 6 2 3 5 4 
count: 1661494124
hard
8 4 1 6 2 5 9 7 3 
7 6 2 1 3 9 5 4 8 
5 3 9 4 7 8 2 6 1 
2 1 7 3 9 6 4 8 5 
6 8 3 7 5 4 1 2 9 
9 5 4 2 8 1 7 3 6 
4 2 5 8 1 3 6 9 7 
3 9 6 5 4 7 8 1 2 
1 7 8 9 6 2 3 5 4 
count: 333199403
hard
8 4 1 6 2 5 9 7 3 
7 6 2 1 3 9 5 4 8 
5 3 9 4 7 8 2 6 1 
2 1 7 3 9 6 4 8 5 
6 8 3 7 5 4 1 2 9 
9 5 4 2 8 1 7 3 6 
4 2 5 8 1 3 6 9 7 
3 9 6 5 4 7 8 1 2 
1 7 8 9 6 2 3 5 4 
count: 585540535
hard
8 4 1 6 2 5 9 7 3 
7 6 2 1 3 9 5 4 8 
5 3 9 4 7 8 2 6 1 
2 1 7 3 9 6 4 8 5 
6 8 3 7 5 4 1 2 9 
9 5 4 2 8 1 7 3 6 
4 2 5 8 1 3 6 9 7 
3 9 6 5 4 7 8 1 2 
1 7 8 9 6 2 3 5 4 
count: 86424907
hard
8 4 1 6 2 5 9 7 3 
7 6 2 1 3 9 5 4 8 
5 3 9 4 7 8 2 6 1 
2 1 7 3 9 6 4 8 5 
6 8 3 7 5 4 1 2 9 
9 5 4 2 8 1 7 3 6 
4 2 5 8 1 3 6 9 7 
3 9 6 5 4 7 8 1 2 
1 7 8 9 6 2 3 5 4 
count: 1061952252
hard
8 4 1 6 2 5 9 7 3 
7 6 2 1 3 9 5 4 8 
5 3 9 4 7 8 2 6 1 
2 1 7 3 9 6 4 8 5 
6 8 3 7 5 4 1 2 9 
9 5 4 2 8 1 7 3 6 
4 2 5 8 1 3 6 9 7 
3 9 6 5 4 7 8 1 2 
1 7 8 9 6 2 3 5 4 
count: 44622897
