hard
8 4 1 6 2 5 9 7 3 
7 6 2 1 3 9 5 4 8 
5 3 9 4 7 8 2 6 1 
2 1 7 3 9 6 4 8 5 
6 8 3 7 5 4 1 2 9 
9 5 4 2 8 1 7 3 6 
4 2 5 8 1 3 6 9 7 
3 9 6 5 4 7 8 1 2 
1 7 8 9 6 2 3 5 4 
count: 482147567
hard
8 4 1 6 2 5 9 7 3 
7 6 2 1 3 9 5 4 8 
5 3 9 4 7 8 2 6 1 
2 1 7 3 9 6 4 8 5 
6 8 3 7 5 4 1 2 9 
9 5 4 2 8 1 7 3 6 
4 2 5 8 1 3 6 9 7 
3 9 6 5 4 7 8 1 2 
1 7 8 9 6 2 3 5 4 
count: 308360109
hard
8 4 1 6 2 5 9 7 3 
7 6 2 1 3 9 5 4 8 
5 3 9 4 7 8 2 6 1 
2 1 7 3 9 6 4 8 5 
6 8 3 7 5 4 1 2 9 
9 5 4 2 8 1 7 3 6 
4 2 5 8 1 3 6 9 7 
3 9 6 5 4 7 8 1 2 
1 7 8 9 6 2 3 5 4 
count: 433562159
hard
8 4 1 6 2 5 9 7 3 
7 6 2 1 3 9 5 4 8 
5 3 9 4 7 8 2 6 1 
2 1 7 3 9 6 4 8 5 
6 8 3 7 5 4 1 2 9 
9 5 4 2 8 1 7 3 6 
4 2 5 8 1 3 6 9 7 
3 9 6 5 4 7 8 1 2 
1 7 8 9 6 2 3 5 4 
count: 655761230
hard
8 4 1 6 2 5 9 7 3 
7 6 2 1 3 9 5 4 8 
5 3 9 4 7 8 2 6 1 
2 1 7 3 9 6 4 8 5 
6 8 3 7 5 4 1 2 9 
9 5 4 2 8 1 7 3 6 
4 2 5 8 1 3 6 9 7 
3 9 6 5 4 7 8 1 2 
1 7 8 9 6 2 3 5 4 
count: 271470014
hard
8 4 1 6 2 5 9 7 3 
7 6 2 1 3 9 5 4 8 
5 3 9 4 7 8 2 6 1 
2 1 7 3 9 6 4 8 5 
6 8 3 7 5 4 1 2 9 
9 5 4 2 8 1 7 3 6 
4 2 5 8 1 3 6 9 7 
3 9 6 5 4 7 8 1 2 
1 7 8 9 6 2 3 5 4 
count: 1506340943
hard
8 4 1 6 2 5 9 7 3 
7 6 2 1 3 9 5 4 8 
5 3 9 4 7 8 2 6 1 
2 1 7 3 9 6 4 8 5 
6 8 3 7 5 4 1 2 9 
9 5 4 2 8 1 7 3 6 
4 2 5 8 1 3 6 9 7 
3 9 6 5 4 7 8 1 2 
1 7 8 9 6 2 3 5 4 
count: 107220773
hard
8 4 1 6 2 5 9 7 3 
7 6 2 1 3 9 5 4 8 
5 3 9 4 7 8 2 6 1 
2 1 7 3 9 6 4 8 5 
6 8 3 7 5 4 1 2 9 
9 5 4 2 8 1 7 3 6 
4 2 5 8 1 3 6 9 7 
3 9 6 5 4 7 8 1 2 
1 7 8 9 6 2 3 5 4 
count: 801425088
hard
8 4 1 6 2 5 9 7 3 
7 6 2 1 3 9 5 4 8 
5 3 9 4 7 8 2 6 1 
2 1 7 3 9 6 4 8 5 
6 8 3 7 5 4 1 2 9 
9 5 4 2 8 1 7 3 6 
4 2 5 8 1 3 6 9 7 
3 9 6 5 4 7 8 1 2 
1 7 8 9 6 2 3 5 4 
count: 704247866
hard
8 4 1 6 2 5 9 7 3 
7 6 2 1 3 9 5 4 8 
5 3 9 4 7 8 2 6 1 
2 1 7 3 9 6 4 8 5 
6 8 3 7 5 4 1 2 9 
9 5 4 2 8 1 7 3 6 
4 2 5 8 1 3 6 9 7 
3 9 6 5 4 7 8 1 2 
1 7 8 9 6 2 3 5 4 
count: 479155290
