evil
evil
7 6 1 8 2 5 3 4 9 
3 5 2 9 6 4 8 7 1 
9 4 8 7 1 3 6 5 2 
4 8 7 5 3 2 9 1 6 
1 9 5 6 8 7 2 3 4 
2 3 6 4 9 1 5 8 7 
5 2 3 1 7 9 4 6 8 
8 1 4 2 5 6 7 9 3 
6 7 9 3 4 8 1 2 5 
count: 2769548716
evil
7 6 1 8 2 5 3 4 9 
3 5 2 9 6 4 8 7 1 
9 4 8 7 1 3 6 5 2 
4 8 7 5 3 2 9 1 6 
1 9 5 6 8 7 2 3 4 
2 3 6 4 9 1 5 8 7 
5 2 3 1 7 9 4 6 8 
8 1 4 2 5 6 7 9 3 
6 7 9 3 4 8 1 2 5 
count: 2583890303
evil
7 6 1 8 2 5 3 4 9 
3 5 2 9 6 4 8 7 1 
9 4 8 7 1 3 6 5 2 
4 8 7 5 3 2 9 1 6 
1 9 5 6 8 7 2 3 4 
2 3 6 4 9 1 5 8 7 
5 2 3 1 7 9 4 6 8 
8 1 4 2 5 6 7 9 3 
6 7 9 3 4 8 1 2 5 
count: 47597150
evil
7 6 1 8 2 5 3 4 9 
3 5 2 9 6 4 8 7 1 
9 4 8 7 1 3 6 5 2 
4 8 7 5 3 2 9 1 6 
1 9 5 6 8 7 2 3 4 
2 3 6 4 9 1 5 8 7 
5 2 3 1 7 9 4 6 8 
8 1 4 2 5 6 7 9 3 
6 7 9 3 4 8 1 2 5 
count: 378888446
evil
7 6 1 8 2 5 3 4 9 
3 5 2 9 6 4 8 7 1 
9 4 8 7 1 3 6 5 2 
4 8 7 5 3 2 9 1 6 
1 9 5 6 8 7 2 3 4 
2 3 6 4 9 1 5 8 7 
5 2 3 1 7 9 4 6 8 
8 1 4 2 5 6 7 9 3 
6 7 9 3 4 8 1 2 5 
count: 1013473502
evil
7 6 1 8 2 5 3 4 9 
3 5 2 9 6 4 8 7 1 
9 4 8 7 1 3 6 5 2 
4 8 7 5 3 2 9 1 6 
1 9 5 6 8 7 2 3 4 
2 3 6 4 9 1 5 8 7 
5 2 3 1 7 9 4 6 8 
8 1 4 2 5 6 7 9 3 
6 7 9 3 4 8 1 2 5 
count: 2672933789
evil
7 6 1 8 2 5 3 4 9 
3 5 2 9 6 4 8 7 1 
9 4 8 7 1 3 6 5 2 
4 8 7 5 3 2 9 1 6 
1 9 5 6 8 7 2 3 4 
2 3 6 4 9 1 5 8 7 
5 2 3 1 7 9 4 6 8 
8 1 4 2 5 6 7 9 3 
6 7 9 3 4 8 1 2 5 
count: 4051489329
evil
7 6 1 8 2 5 3 4 9 
3 5 2 9 6 4 8 7 1 
9 4 8 7 1 3 6 5 2 
4 8 7 5 3 2 9 1 6 
1 9 5 6 8 7 2 3 4 
2 3 6 4 9 1 5 8 7 
5 2 3 1 7 9 4 6 8 
8 1 4 2 5 6 7 9 3 
6 7 9 3 4 8 1 2 5 
count: 582823684
evil
7 6 1 8 2 5 3 4 9 
3 5 2 9 6 4 8 7 1 
9 4 8 7 1 3 6 5 2 
4 8 7 5 3 2 9 1 6 
1 9 5 6 8 7 2 3 4 
2 3 6 4 9 1 5 8 7 
5 2 3 1 7 9 4 6 8 
8 1 4 2 5 6 7 9 3 
6 7 9 3 4 8 1 2 5 
count: 7164888306
evil
7 6 1 8 2 5 3 4 9 
3 5 2 9 6 4 8 7 1 
9 4 8 7 1 3 6 5 2 
4 8 7 5 3 2 9 1 6 
1 9 5 6 8 7 2 3 4 
2 3 6 4 9 1 5 8 7 
5 2 3 1 7 9 4 6 8 
8 1 4 2 5 6 7 9 3 
6 7 9 3 4 8 1 2 5 
count: 699040518
