hard
8 4 1 6 2 5 9 7 3 
7 6 2 1 3 9 5 4 8 
5 3 9 4 7 8 2 6 1 
2 1 7 3 9 6 4 8 5 
6 8 3 7 5 4 1 2 9 
9 5 4 2 8 1 7 3 6 
4 2 5 8 1 3 6 9 7 
3 9 6 5 4 7 8 1 2 
1 7 8 9 6 2 3 5 4 
count: 3557223613
hard
8 4 1 6 2 5 9 7 3 
7 6 2 1 3 9 5 4 8 
5 3 9 4 7 8 2 6 1 
2 1 7 3 9 6 4 8 5 
6 8 3 7 5 4 1 2 9 
9 5 4 2 8 1 7 3 6 
4 2 5 8 1 3 6 9 7 
3 9 6 5 4 7 8 1 2 
1 7 8 9 6 2 3 5 4 
count: 2943818181
hard
8 4 1 6 2 5 9 7 3 
7 6 2 1 3 9 5 4 8 
5 3 9 4 7 8 2 6 1 
2 1 7 3 9 6 4 8 5 
6 8 3 7 5 4 1 2 9 
9 5 4 2 8 1 7 3 6 
4 2 5 8 1 3 6 9 7 
3 9 6 5 4 7 8 1 2 
1 7 8 9 6 2 3 5 4 
count: 4773360768
hard
8 4 1 6 2 5 9 7 3 
7 6 2 1 3 9 5 4 8 
5 3 9 4 7 8 2 6 1 
2 1 7 3 9 6 4 8 5 
6 8 3 7 5 4 1 2 9 
9 5 4 2 8 1 7 3 6 
4 2 5 8 1 3 6 9 7 
3 9 6 5 4 7 8 1 2 
1 7 8 9 6 2 3 5 4 
count: 3233829216
hard
8 4 1 6 2 5 9 7 3 
7 6 2 1 3 9 5 4 8 
5 3 9 4 7 8 2 6 1 
2 1 7 3 9 6 4 8 5 
6 8 3 7 5 4 1 2 9 
9 5 4 2 8 1 7 3 6 
4 2 5 8 1 3 6 9 7 
3 9 6 5 4 7 8 1 2 
1 7 8 9 6 2 3 5 4 
count: 189066806
hard
8 4 1 6 2 5 9 7 3 
7 6 2 1 3 9 5 4 8 
5 3 9 4 7 8 2 6 1 
2 1 7 3 9 6 4 8 5 
6 8 3 7 5 4 1 2 9 
9 5 4 2 8 1 7 3 6 
4 2 5 8 1 3 6 9 7 
3 9 6 5 4 7 8 1 2 
1 7 8 9 6 2 3 5 4 
count: 75261285
hard
8 4 1 6 2 5 9 7 3 
7 6 2 1 3 9 5 4 8 
5 3 9 4 7 8 2 6 1 
2 1 7 3 9 6 4 8 5 
6 8 3 7 5 4 1 2 9 
9 5 4 2 8 1 7 3 6 
4 2 5 8 1 3 6 9 7 
3 9 6 5 4 7 8 1 2 
1 7 8 9 6 2 3 5 4 
count: 1622725108
hard
8 4 1 6 2 5 9 7 3 
7 6 2 1 3 9 5 4 8 
5 3 9 4 7 8 2 6 1 
2 1 7 3 9 6 4 8 5 
6 8 3 7 5 4 1 2 9 
9 5 4 2 8 1 7 3 6 
4 2 5 8 1 3 6 9 7 
3 9 6 5 4 7 8 1 2 
1 7 8 9 6 2 3 5 4 
count: 2286791911
hard
8 4 1 6 2 5 9 7 3 
7 6 2 1 3 9 5 4 8 
5 3 9 4 7 8 2 6 1 
2 1 7 3 9 6 4 8 5 
6 8 3 7 5 4 1 2 9 
9 5 4 2 8 1 7 3 6 
4 2 5 8 1 3 6 9 7 
3 9 6 5 4 7 8 1 2 
1 7 8 9 6 2 3 5 4 
count: 2891965620
hard
8 4 1 6 2 5 9 7 3 
7 6 2 1 3 9 5 4 8 
5 3 9 4 7 8 2 6 1 
2 1 7 3 9 6 4 8 5 
6 8 3 7 5 4 1 2 9 
9 5 4 2 8 1 7 3 6 
4 2 5 8 1 3 6 9 7 
3 9 6 5 4 7 8 1 2 
1 7 8 9 6 2 3 5 4 
count: 376282868
