medium
5 4 8 6 1 3 7 2 9 
3 2 9 4 5 7 8 6 1 
1 6 7 8 9 2 5 4 3 
6 7 5 9 2 1 4 3 8 
4 3 2 5 7 8 9 1 6 
8 9 1 3 6 4 2 5 7 
9 8 3 1 4 5 6 7 2 
2 5 6 7 3 9 1 8 4 
7 1 4 2 8 6 3 9 5 
count: 1888948485
medium
5 4 8 6 1 3 7 2 9 
3 2 9 4 5 7 8 6 1 
1 6 7 8 9 2 5 4 3 
6 7 5 9 2 1 4 3 8 
4 3 2 5 7 8 9 1 6 
8 9 1 3 6 4 2 5 7 
9 8 3 1 4 5 6 7 2 
2 5 6 7 3 9 1 8 4 
7 1 4 2 8 6 3 9 5 
count: 46911248
medium
5 4 8 6 1 3 7 2 9 
3 2 9 4 5 7 8 6 1 
1 6 7 8 9 2 5 4 3 
6 7 5 9 2 1 4 3 8 
4 3 2 5 7 8 9 1 6 
8 9 1 3 6 4 2 5 7 
9 8 3 1 4 5 6 7 2 
2 5 6 7 3 9 1 8 4 
7 1 4 2 8 6 3 9 5 
count: 1054420114
medium
5 4 8 6 1 3 7 2 9 
3 2 9 4 5 7 8 6 1 
1 6 7 8 9 2 5 4 3 
6 7 5 9 2 1 4 3 8 
4 3 2 5 7 8 9 1 6 
8 9 1 3 6 4 2 5 7 
9 8 3 1 4 5 6 7 2 
2 5 6 7 3 9 1 8 4 
7 1 4 2 8 6 3 9 5 
count: 69467727
medium
5 4 8 6 1 3 7 2 9 
3 2 9 4 5 7 8 6 1 
1 6 7 8 9 2 5 4 3 
6 7 5 9 2 1 4 3 8 
4 3 2 5 7 8 9 1 6 
8 9 1 3 6 4 2 5 7 
9 8 3 1 4 5 6 7 2 
2 5 6 7 3 9 1 8 4 
7 1 4 2 8 6 3 9 5 
count: 5003339740
medium
5 4 8 6 1 3 7 2 9 
3 2 9 4 5 7 8 6 1 
1 6 7 8 9 2 5 4 3 
6 7 5 9 2 1 4 3 8 
4 3 2 5 7 8 9 1 6 
8 9 1 3 6 4 2 5 7 
9 8 3 1 4 5 6 7 2 
2 5 6 7 3 9 1 8 4 
7 1 4 2 8 6 3 9 5 
count: 199093557
medium
5 4 8 6 1 3 7 2 9 
3 2 9 4 5 7 8 6 1 
1 6 7 8 9 2 5 4 3 
6 7 5 9 2 1 4 3 8 
4 3 2 5 7 8 9 1 6 
8 9 1 3 6 4 2 5 7 
9 8 3 1 4 5 6 7 2 
2 5 6 7 3 9 1 8 4 
7 1 4 2 8 6 3 9 5 
count: 1536693953
medium
5 4 8 6 1 3 7 2 9 
3 2 9 4 5 7 8 6 1 
1 6 7 8 9 2 5 4 3 
6 7 5 9 2 1 4 3 8 
4 3 2 5 7 8 9 1 6 
8 9 1 3 6 4 2 5 7 
9 8 3 1 4 5 6 7 2 
2 5 6 7 3 9 1 8 4 
7 1 4 2 8 6 3 9 5 
count: 69857313
medium
5 4 8 6 1 3 7 2 9 
3 2 9 4 5 7 8 6 1 
1 6 7 8 9 2 5 4 3 
6 7 5 9 2 1 4 3 8 
4 3 2 5 7 8 9 1 6 
8 9 1 3 6 4 2 5 7 
9 8 3 1 4 5 6 7 2 
2 5 6 7 3 9 1 8 4 
7 1 4 2 8 6 3 9 5 
count: 3564587
medium
5 4 8 6 1 3 7 2 9 
3 2 9 4 5 7 8 6 1 
1 6 7 8 9 2 5 4 3 
6 7 5 9 2 1 4 3 8 
4 3 2 5 7 8 9 1 6 
8 9 1 3 6 4 2 5 7 
9 8 3 1 4 5 6 7 2 
2 5 6 7 3 9 1 8 4 
7 1 4 2 8 6 3 9 5 
count: 13931244
