medium
5 4 8 6 1 3 7 2 9 
3 2 9 4 5 7 8 6 1 
1 6 7 8 9 2 5 4 3 
6 7 5 9 2 1 4 3 8 
4 3 2 5 7 8 9 1 6 
8 9 1 3 6 4 2 5 7 
9 8 3 1 4 5 6 7 2 
2 5 6 7 3 9 1 8 4 
7 1 4 2 8 6 3 9 5 
count: 59632063
medium
5 4 8 6 1 3 7 2 9 
3 2 9 4 5 7 8 6 1 
1 6 7 8 9 2 5 4 3 
6 7 5 9 2 1 4 3 8 
4 3 2 5 7 8 9 1 6 
8 9 1 3 6 4 2 5 7 
9 8 3 1 4 5 6 7 2 
2 5 6 7 3 9 1 8 4 
7 1 4 2 8 6 3 9 5 
count: 224421533
medium
5 4 8 6 1 3 7 2 9 
3 2 9 4 5 7 8 6 1 
1 6 7 8 9 2 5 4 3 
6 7 5 9 2 1 4 3 8 
4 3 2 5 7 8 9 1 6 
8 9 1 3 6 4 2 5 7 
9 8 3 1 4 5 6 7 2 
2 5 6 7 3 9 1 8 4 
7 1 4 2 8 6 3 9 5 
count: 201034988
medium
5 4 8 6 1 3 7 2 9 
3 2 9 4 5 7 8 6 1 
1 6 7 8 9 2 5 4 3 
6 7 5 9 2 1 4 3 8 
4 3 2 5 7 8 9 1 6 
8 9 1 3 6 4 2 5 7 
9 8 3 1 4 5 6 7 2 
2 5 6 7 3 9 1 8 4 
7 1 4 2 8 6 3 9 5 
count: 27582558
medium
5 4 8 6 1 3 7 2 9 
3 2 9 4 5 7 8 6 1 
1 6 7 8 9 2 5 4 3 
6 7 5 9 2 1 4 3 8 
4 3 2 5 7 8 9 1 6 
8 9 1 3 6 4 2 5 7 
9 8 3 1 4 5 6 7 2 
2 5 6 7 3 9 1 8 4 
7 1 4 2 8 6 3 9 5 
count: 175733256
medium
5 4 8 6 1 3 7 2 9 
3 2 9 4 5 7 8 6 1 
1 6 7 8 9 2 5 4 3 
6 7 5 9 2 1 4 3 8 
4 3 2 5 7 8 9 1 6 
8 9 1 3 6 4 2 5 7 
9 8 3 1 4 5 6 7 2 
2 5 6 7 3 9 1 8 4 
7 1 4 2 8 6 3 9 5 
count: 921742713
medium
5 4 8 6 1 3 7 2 9 
3 2 9 4 5 7 8 6 1 
1 6 7 8 9 2 5 4 3 
6 7 5 9 2 1 4 3 8 
4 3 2 5 7 8 9 1 6 
8 9 1 3 6 4 2 5 7 
9 8 3 1 4 5 6 7 2 
2 5 6 7 3 9 1 8 4 
7 1 4 2 8 6 3 9 5 
count: 12019005
medium
5 4 8 6 1 3 7 2 9 
3 2 9 4 5 7 8 6 1 
1 6 7 8 9 2 5 4 3 
6 7 5 9 2 1 4 3 8 
4 3 2 5 7 8 9 1 6 
8 9 1 3 6 4 2 5 7 
9 8 3 1 4 5 6 7 2 
2 5 6 7 3 9 1 8 4 
7 1 4 2 8 6 3 9 5 
count: 94109555
medium
5 4 8 6 1 3 7 2 9 
3 2 9 4 5 7 8 6 1 
1 6 7 8 9 2 5 4 3 
6 7 5 9 2 1 4 3 8 
4 3 2 5 7 8 9 1 6 
8 9 1 3 6 4 2 5 7 
9 8 3 1 4 5 6 7 2 
2 5 6 7 3 9 1 8 4 
7 1 4 2 8 6 3 9 5 
count: 702907505
medium
5 4 8 6 1 3 7 2 9 
3 2 9 4 5 7 8 6 1 
1 6 7 8 9 2 5 4 3 
6 7 5 9 2 1 4 3 8 
4 3 2 5 7 8 9 1 6 
8 9 1 3 6 4 2 5 7 
9 8 3 1 4 5 6 7 2 
2 5 6 7 3 9 1 8 4 
7 1 4 2 8 6 3 9 5 
count: 571737315
